0_1547618610434.jpg 508 776 3385 104 3754 319 696 186 1792 645
1_1547618610465.jpg 48 46 73 22 48 46 73 22 48 46
2_1547618610576.jpg 910 104 619 2873 262 319 217 314 262 265
3_1547618610628.jpg 316 186 508 2004 498 104 781 725 696 983
4_1547618610639.jpg 776 3385 104 3754 319 696 186 1792 645 1358
5_1547618610649.jpg 48 73 48 46 73 22 48 46 73 22
6_1547618610665.jpg 316 186 508 643 910 104 619 2873 262 319
7_1547618610676.jpg 186 508 2004 498 104 781 725 696 983 2004
8_1547618610686.jpg 776 3385 104 3754 319 696 186 1792 645 1358
9_1547618610697.jpg 48 118 22 48 48 73 48 46 73 22
10_1547618610708.jpg 316 186 508 643 910 104 619 2873 262 319
11_1547618610718.jpg 186 508 2004 498 104 781 725 696 983 2004
12_1547618610728.jpg 508 776 3385 104 3754 319 696 186 1792 645
13_1547618610739.jpg 73 48 46 73 22 48 46 73 22 48
14_1547618610748.jpg 186 508 643 910 104 619 2873 262 319 217
15_1547618610758.jpg 316 186 508 2004 498 104 781 725 696 983
16_1547618610768.jpg 776 3385 104 3754 319 696 186 1792 645 1358
17_1547618610780.jpg 48 48 73 48 46 73 22 48 46 73
18_1547618610790.jpg 910 104 619 2873 262 319 217 314 262 265
19_1547618610800.jpg 316 186 508 2004 498 104 781 725 696 983
20_1547618610809.jpg 776 3385 104 3754 319 696 186 1792 645 1358
21_1547618610823.jpg 22 48 48 73 48 46 73 22 48 46
22_1547618610833.jpg 186 508 643 910 104 619 2873 262 319 217
23_1547618610843.jpg 316 186 508 2004 498 104 781 725 696 983
24_1547618610853.jpg 104 3754 319 696 186 1792 645 1358 723 19
25_1547618610864.jpg 22 48 48 73 48 46 73 22 48 46
26_1547618610875.jpg 316 186 508 643 910 104 619 2873 262 319
27_1547618610884.jpg 186 508 2004 498 104 781 725 696 983 2004
28_1547618610895.jpg 316 186 508 776 3385 104 3754 319 696 186
29_1547618610908.jpg 48 46 73 22 48 46 73 22 48 46
30_1547618610918.jpg 508 643 910 104 619 2873 262 319 217 314
31_1547618610928.jpg 316 186 508 2004 498 104 781 725 696 983
32_1547618610938.jpg 508 776 3385 104 3754 319 696 186 1792 645
33_1547618610950.jpg 73 48 46 73 22 48 46 73 22 48
34_1547618610960.jpg 910 104 619 2873 262 319 217 314 262 265
35_1547618610971.jpg 186 508 2004 498 104 781 725 696 983 2004
36_1547618610981.jpg 186 508 776 3385 104 3754 319 696 186 1792
37_1547618610992.jpg 118 22 48 48 73 48 46 73 22 48
38_1547618611008.jpg 104 619 2873 262 319 217 314 262 265 606
39_1547618611019.jpg 186 508 2004 498 104 781 725 696 983 2004
40_1547618611030.jpg 3754 319 696 186 1792 645 1358 723 19 105
41_1547618611041.jpg 73 48 46 73 22 48 46 73 22 48
42_1547618611052.jpg 104 619 2873 262 319 217 314 262 265 606
43_1547618611063.jpg 316 186 508 2004 498 104 781 725 696 983
44_1547618611073.jpg 776 3385 104 3754 319 696 186 1792 645 1358
45_1547618611084.jpg 48 48 73 48 46 73 22 48 46 73
46_1547618611095.jpg 910 104 619 2873 262 319 217 314 262 265
47_1547618611107.jpg 186 508 2004 498 104 781 725 696 983 2004
48_1547618611117.jpg 508 776 3385 104 3754 319 696 186 1792 645
49_1547618611128.jpg 48 48 73 48 46 73 22 48 46 73
50_1547618611138.jpg 316 186 508 643 910 104 619 2873 262 319
51_1547618611149.jpg 186 508 2004 498 104 781 725 696 983 2004
52_1547618611159.jpg 3385 104 3754 319 696 186 1792 645 1358 723
53_1547618611170.jpg 73 22 48 46 73 22 48 46 48 73
54_1547618611181.jpg 104 619 2873 262 319 217 314 262 265 606
55_1547618611192.jpg 316 186 508 2004 498 104 781 725 696 983
56_1547618611203.jpg 186 508 776 3385 104 3754 319 696 186 1792
57_1547618611214.jpg 22 48 48 73 48 46 73 22 48 46
58_1547618611224.jpg 186 508 643 910 104 619 2873 262 319 217
59_1547618611235.jpg 186 508 2004 498 104 781 725 696 983 2004
60_1547618611244.jpg 316 186 508 776 3385 104 3754 319 696 186
61_1547618611256.jpg 118 22 48 48 73 48 46 73 22 48
62_1547618611266.jpg 643 910 104 619 2873 262 319 217 314 262
63_1547618611277.jpg 316 186 508 2004 498 104 781 725 696 983
64_1547618611287.jpg 3754 319 696 186 1792 645 1358 723 19 105
65_1547618611298.jpg 48 48 73 48 46 73 22 48 46 73
66_1547618611309.jpg 910 104 619 2873 262 319 217 314 262 265
67_1547618611319.jpg 316 186 508 2004 498 104 781 725 696 983
68_1547618611330.jpg 776 3385 104 3754 319 696 186 1792 645 1358
69_1547618611341.jpg 118 22 48 48 73 48 46 73 22 48
70_1547618611350.jpg 910 104 619 2873 262 319 217 314 262 265
71_1547618611361.jpg 186 508 2004 498 104 781 725 696 983 2004
72_1547618611373.jpg 3754 319 696 186 1792 645 1358 723 19 105
73_1547618611383.jpg 48 46 73 22 48 46 73 22 48 46
74_1547618611394.jpg 316 186 508 643 910 104 619 2873 262 319
75_1547618611405.jpg 316 186 508 2004 498 104 781 725 696 983
76_1547618611415.jpg 104 3754 319 696 186 1792 645 1358 723 19
77_1547618611426.jpg 73 48 46 73 22 48 46 73 22 48
78_1547618611436.jpg 910 104 619 2873 262 319 217 314 262 265
79_1547618611446.jpg 316 186 508 2004 498 104 781 725 696 983
80_1547618611456.jpg 3754 319 696 186 1792 645 1358 723 19 105
81_1547618611467.jpg 48 46 73 22 48 46 73 22 48 46
82_1547618611478.jpg 643 910 104 619 2873 262 319 217 314 262
83_1547618611488.jpg 186 508 2004 498 104 781 725 696 983 2004
84_1547618611498.jpg 776 3385 104 3754 319 696 186 1792 645 1358
85_1547618611509.jpg 73 48 46 73 22 48 46 73 22 48
86_1547618611518.jpg 508 643 910 104 619 2873 262 319 217 314
87_1547618611528.jpg 186 508 2004 498 104 781 725 696 983 2004
88_1547618611539.jpg 508 776 3385 104 3754 319 696 186 1792 645
89_1547618611550.jpg 118 22 48 48 73 48 46 73 22 48
90_1547618611561.jpg 186 508 643 910 104 619 2873 262 319 217
91_1547618611571.jpg 316 186 508 2004 498 104 781 725 696 983
92_1547618611581.jpg 319 696 186 1792 645 1358 723 19 105 118
93_1547618611593.jpg 48 118 22 48 48 73 48 46 73 22
94_1547618611604.jpg 186 508 643 910 104 619 2873 262 319 217
95_1547618611615.jpg 186 508 2004 498 104 781 725 696 983 2004
96_1547618611625.jpg 776 3385 104 3754 319 696 186 1792 645 1358
97_1547618611637.jpg 48 46 73 22 48 46 73 22 48 46
98_1547618611646.jpg 316 186 508 643 910 104 619 2873 262 319
99_1547618611657.jpg 316 186 508 2004 498 104 781 725 696 983
100_1547618611667.jpg 3754 319 696 186 1792 645 1358 723 19 105
101_1547618611679.jpg 73 48 46 73 22 48 46 73 22 48
102_1547618611689.jpg 186 508 643 910 104 619 2873 262 319 217
103_1547618611701.jpg 186 508 2004 498 104 781 725 696 983 2004
104_1547618611711.jpg 3385 104 3754 319 696 186 1792 645 1358 723
105_1547618611723.jpg 73 22 48 46 73 22 48 46 48 73
106_1547618611732.jpg 508 643 910 104 619 2873 262 319 217 314
107_1547618611743.jpg 316 186 508 2004 498 104 781 725 696 983
108_1547618611753.jpg 3385 104 3754 319 696 186 1792 645 1358 723
109_1547618611764.jpg 48 118 22 48 48 73 48 46 73 22
110_1547618611774.jpg 104 619 2873 262 319 217 314 262 265 606
111_1547618611785.jpg 316 186 508 2004 498 104 781 725 696 983
112_1547618611796.jpg 3754 319 696 186 1792 645 1358 723 19 105
113_1547618611807.jpg 46 73 22 48 46 73 22 48 46 48
114_1547618611817.jpg 643 910 104 619 2873 262 319 217 314 262
115_1547618611828.jpg 186 508 2004 498 104 781 725 696 983 2004
116_1547618611838.jpg 104 3754 319 696 186 1792 645 1358 723 19
117_1547618611850.jpg 22 48 48 73 48 46 73 22 48 46
118_1547618611860.jpg 104 619 2873 262 319 217 314 262 265 606
119_1547618611870.jpg 186 508 2004 498 104 781 725 696 983 2004
120_1547618611880.jpg 776 3385 104 3754 319 696 186 1792 645 1358
121_1547618611893.jpg 46 73 22 48 46 73 22 48 46 48
122_1547618611902.jpg 186 508 643 910 104 619 2873 262 319 217
123_1547618611912.jpg 186 508 2004 498 104 781 725 696 983 2004
124_1547618611923.jpg 316 186 508 776 3385 104 3754 319 696 186
125_1547618611934.jpg 73 48 46 73 22 48 46 73 22 48
126_1547618611944.jpg 316 186 508 643 910 104 619 2873 262 319
127_1547618611953.jpg 316 186 508 2004 498 104 781 725 696 983
128_1547618611964.jpg 104 3754 319 696 186 1792 645 1358 723 19
129_1547618611975.jpg 48 118 22 48 48 73 48 46 73 22
130_1547618611986.jpg 104 619 2873 262 319 217 314 262 265 606
131_1547618611999.jpg 186 508 2004 498 104 781 725 696 983 2004
132_1547618612011.jpg 508 776 3385 104 3754 319 696 186 1792 645
133_1547618612024.jpg 48 46 73 22 48 46 73 22 48 46
134_1547618612034.jpg 508 643 910 104 619 2873 262 319 217 314
135_1547618612049.jpg 186 508 2004 498 104 781 725 696 983 2004
136_1547618612060.jpg 776 3385 104 3754 319 696 186 1792 645 1358
137_1547618612072.jpg 48 73 48 46 73 22 48 46 73 22
138_1547618612082.jpg 186 508 643 910 104 619 2873 262 319 217
139_1547618612095.jpg 316 186 508 2004 498 104 781 725 696 983
140_1547618612110.jpg 776 3385 104 3754 319 696 186 1792 645 1358
141_1547618612132.jpg 73 22 48 46 73 22 48 46 48 73
142_1547618612149.jpg 508 643 910 104 619 2873 262 319 217 314
143_1547618612183.jpg 316 186 508 2004 498 104 781 725 696 983
144_1547618612199.jpg 3754 319 696 186 1792 645 1358 723 19 105
145_1547618612217.jpg 73 22 48 46 73 22 48 46 48 73
146_1547618612231.jpg 104 619 2873 262 319 217 314 262 265 606
147_1547618612247.jpg 186 508 2004 498 104 781 725 696 983 2004
148_1547618612263.jpg 3754 319 696 186 1792 645 1358 723 19 105
149_1547618612282.jpg 48 118 22 48 48 73 48 46 73 22
150_1547618612297.jpg 910 104 619 2873 262 319 217 314 262 265
151_1547618612313.jpg 316 186 508 2004 498 104 781 725 696 983
152_1547618612327.jpg 186 508 776 3385 104 3754 319 696 186 1792
153_1547618612339.jpg 73 48 46 73 22 48 46 73 22 48
154_1547618612349.jpg 910 104 619 2873 262 319 217 314 262 265
155_1547618612362.jpg 316 186 508 2004 498 104 781 725 696 983
156_1547618612373.jpg 104 3754 319 696 186 1792 645 1358 723 19
157_1547618612385.jpg 48 48 73 48 46 73 22 48 46 73
158_1547618612396.jpg 910 104 619 2873 262 319 217 314 262 265
159_1547618612407.jpg 186 508 2004 498 104 781 725 696 983 2004
160_1547618612419.jpg 316 186 508 776 3385 104 3754 319 696 186
161_1547618612432.jpg 73 22 48 46 73 22 48 46 48 73
162_1547618612442.jpg 643 910 104 619 2873 262 319 217 314 262
163_1547618612453.jpg 316 186 508 2004 498 104 781 725 696 983
164_1547618612464.jpg 776 3385 104 3754 319 696 186 1792 645 1358
165_1547618612476.jpg 22 48 48 73 48 46 73 22 48 46
166_1547618612487.jpg 186 508 643 910 104 619 2873 262 319 217
167_1547618612501.jpg 186 508 2004 498 104 781 725 696 983 2004
168_1547618612517.jpg 3754 319 696 186 1792 645 1358 723 19 105
169_1547618612536.jpg 118 22 48 48 73 48 46 73 22 48
